0 0 0 1 0 0 2 3 3 3 3 3 3 3 3 3 3 3 3 3 3 3 3 0 0 0 0 0 0 0 0 0 0 0 0 0 0 0 0 0 0 0 0 0 0 0 0 0 0 0 0 0 0 0 0 0 0 0 0 0 0 0 0 0 
0 0 4 5 4 0 6 7 7 8 9 8 10 8 10 8 10 8 10 8 10 8 11 0 0 0 0 0 0 0 0 0 0 0 0 0 0 0 0 0 0 0 0 0 0 0 0 0 0 0 0 0 0 0 0 0 0 0 0 0 0 0 0 0 
0 4 12 5 12 4 6 11 11 13 6 13 6 13 6 13 6 13 6 13 6 13 11 0 0 0 0 0 0 0 0 0 0 0 0 0 0 0 0 0 0 0 0 0 0 0 0 0 0 0 0 0 0 0 0 0 0 0 0 0 0 0 0 0 
14 12 12 0 12 12 6 11 11 15 6 15 6 15 6 15 6 15 6 15 6 15 11 0 0 0 0 0 0 0 0 0 0 0 0 0 0 0 0 0 0 0 0 0 0 0 0 0 0 0 0 0 0 0 0 0 0 0 0 0 0 0 0 0 
16 17 17 18 17 17 19 20 20 20 20 20 20 20 20 20 20 20 20 20 20 20 21 0 0 0 0 0 0 0 0 0 0 0 0 0 0 0 0 0 0 0 0 0 0 0 0 0 0 0 0 0 0 0 0 0 0 0 0 0 0 0 0 0 
7 7 7 7 7 7 7 7 7 8 10 8 10 8 10 8 10 8 10 8 10 22 11 0 0 0 0 0 0 0 0 0 0 0 0 0 0 0 0 0 0 0 0 0 0 0 0 0 0 0 0 0 0 0 0 0 0 0 0 0 0 0 0 0 
0 3 3 3 3 3 3 3 20 0 2 0 2 0 2 0 2 0 2 0 20 23 20 0 0 2 24 2 20 2 24 2 25 20 20 26 20 2 24 2 20 2 20 2 20 2 24 0 0 0 0 0 0 0 0 0 0 0 0 0 0 0 0 0 
0 8 10 8 10 8 10 8 27 0 19 0 19 0 19 0 19 0 19 0 28 27 29 0 0 6 11 6 30 6 11 6 31 11 11 11 30 6 31 6 11 6 11 19 30 6 32 0 0 0 0 0 0 0 0 0 0 0 0 0 0 0 0 0 
0 33 6 33 6 33 6 0 11 8 10 8 10 8 10 8 10 8 10 8 6 11 11 31 14 6 29 19 29 19 29 19 11 11 30 29 11 6 32 19 29 19 30 6 29 19 27 0 0 0 0 0 0 0 0 0 0 0 0 0 0 0 0 0 
0 33 6 33 6 34 20 11 32 0 6 0 6 0 6 0 6 33 6 33 6 11 27 29 16 19 31 10 8 10 8 10 11 11 11 10 32 9 8 10 8 6 27 9 8 10 8 0 0 0 0 0 0 0 0 0 0 0 0 0 0 0 0 0 
0 17 19 17 0 27 29 29 27 0 19 0 19 0 19 0 6 33 6 33 6 0 0 0 0 9 30 6 11 6 11 19 35 30 29 19 36 19 27 19 29 19 29 19 29 19 29 0 0 0 0 0 0 0 0 0 0 0 0 0 0 0 0 0 
0 7 7 7 7 7 7 7 7 7 7 7 7 7 7 0 19 17 19 17 19 0 0 0 0 6 22 37 31 37 8 10 8 0 8 10 0 10 8 10 8 10 8 10 8 10 8 0 0 0 0 0 0 0 0 0 0 0 0 0 0 0 0 0 
0 0 0 0 0 0 0 0 0 0 0 0 0 0 0 0 0 0 0 0 0 0 0 0 0 2 23 2 20 2 20 2 20 2 20 20 20 2 24 2 20 2 20 2 20 2 20 2 38 24 26 2 20 26 24 20 2 20 24 2 20 20 24 0 
0 0 0 0 0 0 0 0 0 0 0 0 0 0 0 0 0 0 0 0 0 0 0 0 0 39 11 6 11 6 32 6 11 40 11 11 30 6 11 6 11 6 11 6 11 6 11 6 14 31 11 6 32 30 11 11 6 30 11 6 32 30 11 0 
0 0 0 0 0 0 0 0 0 0 0 0 0 0 0 0 0 0 0 0 0 0 0 0 0 19 29 19 29 19 27 19 29 6 29 27 27 19 29 19 29 19 27 19 27 19 29 19 16 11 30 19 27 11 29 29 19 31 11 19 27 29 11 0 
0 0 0 0 0 0 0 0 0 0 0 0 0 0 0 0 0 0 0 0 0 0 0 0 0 6 8 10 8 10 8 10 8 10 8 10 8 10 8 10 8 10 8 10 8 10 8 0 41 11 27 6 0 11 11 0 41 29 32 0 31 32 21 0 
0 0 0 0 0 0 0 0 0 0 0 0 0 0 0 0 0 0 0 0 0 0 0 0 0 6 30 6 30 6 30 6 30 6 30 6 30 6 30 6 30 6 30 6 30 6 30 0 41 30 31 6 0 11 30 0 41 11 27 0 11 22 6 0 
0 0 0 0 0 0 0 0 0 0 0 0 0 0 0 0 0 0 0 0 0 0 0 0 0 6 31 6 11 6 31 6 31 6 32 6 11 6 31 6 11 6 31 6 11 6 31 0 41 32 11 6 0 11 11 0 41 11 11 11 22 11 6 0 
0 0 0 0 0 0 0 0 0 0 0 0 0 0 0 0 0 0 0 0 0 0 0 0 0 0 0 0 0 0 0 0 0 0 0 0 0 0 0 0 0 0 0 0 0 0 0 0 0 0 0 0 0 0 0 0 38 2 20 20 23 25 2 0 
0 0 0 0 0 0 0 0 0 0 0 0 0 0 0 0 0 0 0 0 0 0 0 0 0 0 0 0 0 0 0 0 0 0 0 0 0 0 0 0 0 0 0 0 0 0 0 0 0 0 0 0 0 0 0 0 41 6 11 22 11 31 6 0 
0 0 0 0 0 0 0 0 0 0 0 0 0 0 0 0 0 0 0 0 0 0 0 0 0 0 0 0 0 0 0 0 0 0 0 0 0 0 0 0 0 0 0 0 0 0 0 0 0 0 0 0 0 0 0 0 0 19 28 27 29 11 6 0 
0 0 0 0 0 0 0 0 0 0 0 0 0 0 0 0 0 0 0 0 0 0 0 0 0 0 0 0 0 0 0 0 0 0 0 0 0 0 0 0 0 0 0 0 0 0 0 0 0 0 0 0 0 0 0 0 0 6 31 11 11 21 19 0 
0 0 0 0 0 0 0 0 0 0 0 0 0 0 0 0 0 0 0 0 0 0 0 0 0 0 0 0 0 0 0 0 0 0 0 0 0 0 0 0 0 0 0 0 0 0 0 0 0 0 0 0 0 0 0 0 14 6 11 11 22 11 32 0 
0 0 0 0 0 0 0 0 0 0 0 0 0 0 0 0 0 0 0 0 0 0 0 0 0 0 0 0 0 0 0 0 0 0 0 0 0 0 0 0 0 0 0 0 0 0 0 0 0 0 0 0 0 0 0 0 16 19 27 28 29 29 27 0 